2 0.0225 0.296875 0.00875 0.2109375
2 0.02875 0.359375 0.0025 0.06640625
2 0.046875 0.33984375 0.0075 0.390625
2 0.0675 0.296875 0.00625 0.30078125
2 0.08 0.2890625 0.005625 0.28125
2 0.08375 0.2109375 0.003125 0.140625
2 0.096875 0.30078125 0.00875 0.3828125
2 0.109375 0.34375 0.00875 0.46484375
2 0.11625 0.3671875 0.004375 0.24609375
2 0.11875 0.8359375 0.004375 0.3046875
2 0.13 0.2890625 0.004375 0.30078125
2 0.26125 0.5 0.008125 0.99609375
2 0.4225 0.078125 0.00875 0.14453125
2 0.59 0.19921875 0.003125 0.15625
2 0.595 0.15625 0.004375 0.30078125
3 0.36375 0.0859375 0.0525 0.16796875
3 0.3725 0.8203125 0.0625 0.35546875