0 0.01125 0.05078125 0.01625 0.0859375
0 0.086875 0.19140625 0.02375 0.1484375
0 0.15375 0.5078125 0.015625 0.09375
0 0.175 0.359375 0.0225 0.2109375
0 0.17875 0.640625 0.0175 0.15625
0 0.19875 0.80859375 0.020625 0.1953125
0 0.226875 0.28515625 0.0225 0.1640625
0 0.22625 0.890625 0.01375 0.1328125
0 0.24125 0.71875 0.016875 0.18359375
0 0.26 0.49609375 0.013125 0.1875
0 0.28625 0.7109375 0.015 0.1328125
0 0.305 0.9296875 0.020625 0.140625
0 0.741875 0.390625 0.0175 0.15625
0 0.934375 0.4921875 0.02 0.14453125