0 0.115 0.375 0.01625 0.18359375
0 0.17625 0.3203125 0.014375 0.16796875
0 0.183125 0.48046875 0.0125 0.1171875
0 0.19375 0.609375 0.016875 0.12109375
0 0.2 0.4609375 0.011875 0.1171875
0 0.2125 0.6484375 0.010625 0.09765625
0 0.22125 0.55078125 0.015625 0.1328125
0 0.226875 0.2734375 0.01375 0.21484375
0 0.2875 0.5078125 0.01125 0.1328125
0 0.300625 0.4140625 0.0125 0.1171875
0 0.43 0.71875 0.020625 0.1875
0 0.4375 0.90234375 0.018125 0.1328125
0 0.44625 0.15625 0.01125 0.234375
2 0.0125 0.4140625 0.02375 0.29296875
2 0.268125 0.6328125 0.02375 0.19921875