2 0.030625 0.140625 0.06125 0.23046875
2 0.076875 0.7578125 0.025 0.47265625
2 0.20375 0.3203125 0.15125 0.40234375
2 0.28125 0.796875 0.029375 0.40234375
2 0.344375 0.28125 0.13375 0.28125
2 0.419375 0.76171875 0.02875 0.4765625
2 0.52 0.80078125 0.026875 0.3984375
2 0.605625 0.81640625 0.03375 0.3671875
2 0.62625 0.1015625 0.048125 0.1875
2 0.67625 0.3515625 0.0425 0.29296875
2 0.83 0.1796875 0.2575 0.2421875
2 0.768125 0.359375 0.10875 0.15234375
2 0.7425 0.7109375 0.024375 0.578125
2 0.9325 0.8515625 0.025625 0.29296875
2 0.980625 0.79296875 0.02125 0.4140625