0 0.04625 0.1875 0.010625 0.09765625
0 0.08625 0.1328125 0.014375 0.1484375
0 0.101875 0.609375 0.015 0.10546875
0 0.10625 0.3671875 0.016875 0.3203125
0 0.108125 0.7578125 0.01125 0.08984375
0 0.12 0.421875 0.0125 0.19140625
0 0.1525 0.359375 0.013125 0.15234375
0 0.1625 0.6875 0.014375 0.25390625
0 0.19625 0.25390625 0.026875 0.2890625
0 0.215 0.59375 0.013125 0.19140625
0 0.2275 0.8984375 0.026875 0.203125
0 0.23 0.53125 0.011875 0.15234375
0 0.245 0.15625 0.016875 0.12109375
0 0.25 0.359375 0.0225 0.1875
0 0.27375 0.66796875 0.014375 0.1875
0 0.29125 0.796875 0.009375 0.14453125
2 0.5425 0.6640625 0.015 0.14453125
2 0.56 0.79296875 0.0175 0.1484375
2 0.65 0.6171875 0.015 0.19140625
2 0.94375 0.7578125 0.02 0.109375
2 0.9675 0.34375 0.018125 0.12890625