2 0.159375 0.7109375 0.0075 0.57421875
2 0.54875 0.37109375 0.00625 0.5234375
2 0.58625 0.2578125 0.01 0.46484375
2 0.61 0.140625 0.0125 0.27734375
2 0.65625 0.1640625 0.035 0.328125
2 0.75375 0.0625 0.0175 0.125
2 0.760625 0.77734375 0.02125 0.4453125
2 0.880625 0.3515625 0.0075 0.61328125
2 0.9375 0.3203125 0.01625 0.5546875
2 0.966875 0.57421875 0.00875 0.375
3 0.599375 0.4375 0.02 0.17578125
3 0.6125 0.8515625 0.039375 0.1875
3 0.663125 0.66015625 0.09625 0.6796875
3 0.7575 0.359375 0.094375 0.71875