0 0.09625 0.625 0.03625 0.203125
0 0.089375 0.30078125 0.015 0.2109375
0 0.10875 0.0625 0.0175 0.125
0 0.113125 0.90625 0.01875 0.17578125
0 0.135 0.66015625 0.021875 0.203125
0 0.1375 0.05859375 0.02 0.1171875
0 0.13625 0.42578125 0.01625 0.1484375
0 0.16125 0.6875 0.013125 0.1171875
0 0.165625 0.32421875 0.01625 0.171875
0 0.17375 0.87890625 0.01625 0.0859375
0 0.193125 0.6796875 0.0125 0.20703125
0 0.21 0.734375 0.02875 0.37890625
0 0.2325 0.88671875 0.011875 0.15625
0 0.2475 0.8125 0.011875 0.12890625