2 0.76375 0.84375 0.0125 0.3125
2 0.790625 0.859375 0.0125 0.24609375
2 0.87125 0.8359375 0.011875 0.328125
2 0.891875 0.8125 0.01 0.3046875
2 0.901875 0.734375 0.01125 0.4375
2 0.93625 0.7734375 0.010625 0.3046875
2 0.94875 0.78515625 0.015 0.4296875
2 0.9625 0.8046875 0.01125 0.23046875
2 0.978125 0.7734375 0.01 0.42578125
3 0.0475 0.6796875 0.038125 0.41015625
3 0.10375 0.3046875 0.085625 0.28125
3 0.085 0.03125 0.023125 0.0625
3 0.169375 0.75 0.025 0.16015625
3 0.3325 0.3515625 0.018125 0.19921875