2 0.0725 0.6640625 0.005625 0.40625
2 0.081875 0.36328125 0.00375 0.4921875
2 0.086875 0.40625 0.00375 0.328125
2 0.17375 0.6640625 0.004375 0.59375
2 0.218125 0.74609375 0.005 0.4921875
2 0.223125 0.7734375 0.00375 0.4375
2 0.2325 0.6875 0.00375 0.58984375
2 0.3125 0.71875 0.005625 0.55078125
2 0.32375 0.625 0.005 0.34765625
2 0.385 0.5703125 0.01375 0.84765625
2 0.42375 0.984375 0.000625 0.00390625
2 0.43375 0.875 0.009375 0.234375
2 0.49 0.5234375 0.005625 0.61328125
2 0.69625 0.48828125 0.01125 0.96875
2 0.90875 0.2734375 0.009375 0.515625
2 0.938125 0.578125 0.00875 0.79296875
3 0.89125 0.671875 0.036875 0.44140625
3 0.89125 0.94921875 0.011875 0.0546875