2 0.015 0.4765625 0.015625 0.27734375
2 0.01625 0.89453125 0.00875 0.1953125
2 0.0525 0.46484375 0.011875 0.3046875
2 0.0525 0.89453125 0.01125 0.2109375
2 0.073125 0.5 0.015 0.9765625
2 0.16375 0.5 0.051875 1
2 0.225 0.5 0.054375 0.99609375
2 0.295 0.703125 0.0125 0.359375
2 0.31375 0.6953125 0.015625 0.60546875
2 0.353125 0.55859375 0.02875 0.8828125
2 0.47375 0.5 0.021875 1
2 0.5075 0.71484375 0.01375 0.5703125
2 0.563125 0.5 0.015 0.99609375
2 0.58875 0.29296875 0.016875 0.5625
2 0.64125 0.83203125 0.01125 0.3359375