0 0.0325 0.7421875 0.009375 0.1015625
0 0.105625 0.3828125 0.01125 0.11328125
0 0.12875 0.4296875 0.01375 0.2421875
0 0.21875 0.23828125 0.013125 0.140625
0 0.2225 0.40234375 0.018125 0.125
0 0.22625 0.69140625 0.01875 0.1171875
0 0.22875 0.546875 0.01625 0.078125
0 0.235 0.1953125 0.011875 0.1796875
0 0.255 0.3828125 0.018125 0.13671875
0 0.26625 0.5546875 0.018125 0.14453125
0 0.27 0.875 0.024375 0.16796875
0 0.6875 0.3125 0.009375 0.1171875
0 0.70125 0.50390625 0.023125 0.21875
0 0.82125 0.93359375 0.014375 0.1328125
0 0.83875 0.1640625 0.010625 0.12109375
0 0.8475 0.0703125 0.0125 0.12109375