2 0.10625 0.19140625 0.013125 0.3828125
2 0.21125 0.7265625 0.01375 0.20703125
2 0.21625 0.30859375 0.009375 0.2578125
2 0.2575 0.19921875 0.00875 0.390625
2 0.31625 0.3359375 0.011875 0.671875
2 0.355 0.8046875 0.009375 0.390625
2 0.525625 0.34375 0.0125 0.6640625
2 0.55125 0.5 0.03875 1
2 0.599375 0.2578125 0.0125 0.51171875
2 0.621875 0.1171875 0.015 0.23046875
2 0.63 0.58203125 0.01125 0.4765625
2 0.64625 0.3046875 0.010625 0.4921875
2 0.665 0.1484375 0.01 0.296875
2 0.8425 0.87109375 0.041875 0.2578125
2 0.89125 0.3046875 0.01625 0.59765625
2 0.93125 0.5625 0.011875 0.45703125
2 0.943125 0.515625 0.01 0.3515625
2 0.9925 0.94921875 0.015 0.1015625
3 0.1875 0.8828125 0.125625 0.234375