0 0.00625 0.71875 0.009375 0.1796875
0 0.0925 0.546875 0.010625 0.12890625
0 0.17125 0.1640625 0.015625 0.32421875
0 0.23625 0.59765625 0.016875 0.1953125
0 0.2525 0.7890625 0.040625 0.3203125
0 0.28 0.578125 0.016875 0.2734375
0 0.2825 0.2578125 0.0125 0.25390625
0 0.31 0.65234375 0.023125 0.4140625
0 0.60625 0.55859375 0.014375 0.140625
0 0.725 0.12109375 0.018125 0.2421875
0 0.75625 0.7578125 0.01375 0.10546875
0 0.773125 0.7578125 0.015 0.125
0 0.795 0.875 0.015625 0.19140625
0 0.80875 0.453125 0.0175 0.27734375
0 0.845 0.515625 0.0175 0.17578125
0 0.854375 0.69921875 0.01375 0.1796875
0 0.860625 0.42578125 0.01375 0.109375
0 0.8775 0.2109375 0.015 0.16796875