2 0.0275 0.640625 0.023125 0.19921875
2 0.105625 0.63671875 0.0375 0.1953125
2 0.20625 0.5859375 0.065625 0.27734375
2 0.30875 0.62109375 0.036875 0.25
2 0.344375 0.6015625 0.0175 0.17578125
2 0.4025 0.6171875 0.025 0.28125
2 0.465625 0.59765625 0.0275 0.2109375
2 0.554375 0.5703125 0.01875 0.203125
2 0.57875 0.58984375 0.01625 0.21875
2 0.63 0.5703125 0.019375 0.19140625
2 0.7075 0.5703125 0.029375 0.23046875
2 0.761875 0.5703125 0.0225 0.22265625
2 0.83 0.5625 0.026875 0.23046875
2 0.86875 0.5625 0.023125 0.234375
2 0.935 0.5234375 0.031875 0.2265625
2 0.981875 0.5390625 0.0275 0.2265625