2 0.04125 0.1328125 0.014375 0.2265625
2 0.06375 0.78125 0.039375 0.43359375
2 0.08625 0.7578125 0.003125 0.21875
2 0.23875 0.5 0.035625 0.98828125
2 0.45625 0.76953125 0.044375 0.109375
2 0.49125 0.6484375 0.01 0.10546875
2 0.4925 0.7734375 0.003125 0.08203125
2 0.51375 0.65625 0.008125 0.0703125
2 0.51125 0.765625 0.003125 0.07421875
2 0.51875 0.76171875 0.009375 0.0625
2 0.54 0.6796875 0.008125 0.08203125
2 0.56125 0.69140625 0.009375 0.1015625
2 0.580625 0.7109375 0.0075 0.07421875
2 0.59375 0.7265625 0.0125 0.0859375
2 0.623125 0.1953125 0.00875 0.07421875
2 0.62875 0.140625 0.009375 0.0546875
2 0.629375 0.73046875 0.0075 0.078125
2 0.64875 0.734375 0.009375 0.06640625
2 0.665 0.734375 0.006875 0.07421875
3 0.81625 0.65625 0.124375 0.6796875