2 0.368125 0.5 0.03625 0.99609375
2 0.39625 0.55859375 0.014375 0.8828125
2 0.41 0.5 0.014375 1
2 0.4325 0.203125 0.024375 0.40625
2 0.4625 0.2578125 0.008125 0.515625
2 0.51125 0.5 0.028125 0.99609375
2 0.636875 0.7265625 0.015 0.54296875
2 0.661875 0.7265625 0.01 0.546875
2 0.698125 0.21875 0.01375 0.43359375
2 0.721875 0.7890625 0.00875 0.4140625
2 0.738125 0.34375 0.01875 0.68359375
2 0.82375 0.7734375 0.009375 0.4453125
2 0.861875 0.4609375 0.02625 0.91796875
2 0.980625 0.50390625 0.03125 0.9921875