2 0.16125 0.6875 0.005625 0.58984375
2 0.26625 0.8984375 0.005 0.1796875
2 0.29375 0.52734375 0.008125 0.3984375
2 0.3175 0.42578125 0.043125 0.3203125
2 0.30875 0.1328125 0.005 0.25390625
2 0.3075 0.25390625 0.003125 0.09375
2 0.34125 0.296875 0.006875 0.04296875
2 0.356875 0.48828125 0.02125 0.5078125
2 0.57625 0.5390625 0.001875 0.12890625
2 0.78625 0.3671875 0.004375 0.3671875
2 0.825 0.34375 0.016875 0.26953125
2 0.85125 0.30078125 0.00375 0.1171875
3 0.68 0.6796875 0.13 0.6171875
3 0.665625 0.19921875 0.06375 0.296875