0 0.116875 0.73046875 0.015 0.171875
0 0.31 0.03125 0.013125 0.0625
0 0.331875 0.046875 0.0125 0.08984375
0 0.395 0.0859375 0.01875 0.16796875
0 0.41375 0.39453125 0.016875 0.140625
0 0.45125 0.1953125 0.0275 0.21484375
0 0.529375 0.703125 0.02375 0.26953125
0 0.70875 0.75 0.015 0.19140625
0 0.76875 0.875 0.02375 0.12109375
0 0.8575 0.7109375 0.021875 0.23828125
0 0.9 0.1171875 0.0175 0.23046875
0 0.91625 0.76953125 0.024375 0.2578125
2 0.03875 0.7421875 0.04875 0.45703125
2 0.421875 0.80859375 0.04875 0.3828125