3 0.04375 0.9296875 0.021875 0.12890625
3 0.10625 0.8125 0.055 0.35546875
3 0.15875 0.4375 0.081875 0.375
3 0.26375 0.5 0.148125 0.98828125
3 0.35125 0.4609375 0.0575 0.84765625
3 0.3525 0.92578125 0.031875 0.109375
3 0.3625 0.1171875 0.019375 0.15234375
3 0.4825 0.12109375 0.206875 0.21875
3 0.711875 0.2109375 0.055 0.20703125
3 0.8775 0.7265625 0.030625 0.4375
3 0.91125 0.08984375 0.075625 0.171875
3 0.88875 0.3125 0.023125 0.21484375
3 0.91625 0.265625 0.023125 0.14453125
3 0.965 0.5234375 0.029375 0.87109375