0 0.1325 0.8359375 0.013125 0.13671875
0 0.1375 0.53125 0.0175 0.19921875
0 0.19 0.9140625 0.015625 0.12109375
0 0.198125 0.75 0.0125 0.1328125
0 0.824375 0.20703125 0.01375 0.09375
0 0.8475 0.47265625 0.0125 0.1015625
0 0.88875 0.8828125 0.018125 0.09765625
0 0.904375 0.75 0.0175 0.16796875
0 0.9425 0.68359375 0.013125 0.09375
0 0.94375 0.8203125 0.014375 0.09375
0 0.958125 0.6015625 0.01375 0.125
0 0.97625 0.5859375 0.013125 0.09375
0 0.985 0.328125 0.0175 0.11328125
0 0.98375 0.94921875 0.013125 0.09375