0 0.09625 0.3828125 0.014375 0.19140625
0 0.11 0.5 0.013125 0.11328125
0 0.125 0.328125 0.0125 0.08984375
0 0.1425 0.58984375 0.010625 0.1015625
0 0.151875 0.78125 0.01375 0.21484375
0 0.17 0.15234375 0.013125 0.109375
0 0.174375 0.65625 0.01125 0.18359375
0 0.198125 0.875 0.01375 0.10546875
0 0.21875 0.578125 0.015 0.22265625
0 0.2375 0.578125 0.01375 0.22265625
0 0.26875 0.7734375 0.0225 0.28515625
0 0.284375 0.3046875 0.00875 0.14453125
0 0.68625 0.04296875 0.010625 0.0859375
0 0.72875 0.95703125 0.010625 0.0859375
0 0.75875 0.91015625 0.0175 0.1796875
0 0.76875 0.8125 0.01125 0.13671875
0 0.795 0.3984375 0.015 0.1015625
0 0.844375 0.1171875 0.01375 0.234375
0 0.85125 0.84375 0.013125 0.1875
0 0.87875 0.1484375 0.014375 0.29296875